year,la_name,school_name,stage,measure,value_label
2024/25,Scotland,All publicly funded schools,P1,Listening & Talking - % Meeting Level,86.5%
2024/25,Scotland,All publicly funded schools,P1,Numeracy - % Meeting Level,84.6%
2024/25,Scotland,All publicly funded schools,P1,Reading - % Meeting Level,80.6%
2024/25,Scotland,All publicly funded schools,P1,Writing - % Meeting Level,78.7%
2024/25,Scotland,All publicly funded schools,"P1, P4 & P7 combined",Listening & Talking - % Meeting Level,87.5%
2024/25,Scotland,All publicly funded schools,"P1, P4 & P7 combined",Numeracy - % Meeting Level,80.3%
2024/25,Scotland,All publicly funded schools,"P1, P4 & P7 combined",Reading - % Meeting Level,80.6%
2024/25,Scotland,All publicly funded schools,"P1, P4 & P7 combined",Writing - % Meeting Level,76.5%
2024/25,Scotland,All publicly funded schools,P4,Listening & Talking - % Meeting Level,87.4%
2024/25,Scotland,All publicly funded schools,P4,Numeracy - % Meeting Level,77.9%
2024/25,Scotland,All publicly funded schools,P4,Reading - % Meeting Level,79.1%
2024/25,Scotland,All publicly funded schools,P4,Writing - % Meeting Level,74.2%
2024/25,Scotland,All publicly funded schools,P7,Listening & Talking - % Meeting Level,88.5%
2024/25,Scotland,All publicly funded schools,P7,Numeracy - % Meeting Level,78.9%
2024/25,Scotland,All publicly funded schools,P7,Reading - % Meeting Level,82%
2024/25,Scotland,All publicly funded schools,P7,Writing - % Meeting Level,76.9%
2024/25,Stirling,All publicly funded schools,P1,Listening & Talking - % Meeting Level,89%
2024/25,Stirling,All publicly funded schools,P1,Numeracy - % Meeting Level,87%
2024/25,Stirling,All publicly funded schools,P1,Reading - % Meeting Level,84.7%
2024/25,Stirling,All publicly funded schools,P1,Writing - % Meeting Level,82.5%
2024/25,Stirling,All publicly funded schools,"P1, P4 & P7 combined",Listening & Talking - % Meeting Level,89.8%
2024/25,Stirling,All publicly funded schools,"P1, P4 & P7 combined",Numeracy - % Meeting Level,81.3%
2024/25,Stirling,All publicly funded schools,"P1, P4 & P7 combined",Reading - % Meeting Level,83%
2024/25,Stirling,All publicly funded schools,"P1, P4 & P7 combined",Writing - % Meeting Level,79.2%
2024/25,Stirling,All publicly funded schools,P4,Listening & Talking - % Meeting Level,90.8%
2024/25,Stirling,All publicly funded schools,P4,Numeracy - % Meeting Level,80%
2024/25,Stirling,All publicly funded schools,P4,Reading - % Meeting Level,82.5%
2024/25,Stirling,All publicly funded schools,P4,Writing - % Meeting Level,77%
2024/25,Stirling,All publicly funded schools,P7,Listening & Talking - % Meeting Level,89.6%
2024/25,Stirling,All publicly funded schools,P7,Numeracy - % Meeting Level,77.6%
2024/25,Stirling,All publicly funded schools,P7,Reading - % Meeting Level,82.1%
2024/25,Stirling,All publicly funded schools,P7,Writing - % Meeting Level,78.6%
2024/25,Stirling,Aberfoyle Primary School,P1,Listening & Talking - % Meeting Level,c
2024/25,Stirling,Aberfoyle Primary School,P1,Numeracy - % Meeting Level,c
2024/25,Stirling,Aberfoyle Primary School,P1,Reading - % Meeting Level,c
2024/25,Stirling,Aberfoyle Primary School,P1,Writing - % Meeting Level,c
2024/25,Stirling,Aberfoyle Primary School,"P1, P4 & P7 combined",Listening & Talking - % Meeting Level,90+%
2024/25,Stirling,Aberfoyle Primary School,"P1, P4 & P7 combined",Numeracy - % Meeting Level,90+%
2024/25,Stirling,Aberfoyle Primary School,"P1, P4 & P7 combined",Reading - % Meeting Level,90+%
2024/25,Stirling,Aberfoyle Primary School,"P1, P4 & P7 combined",Writing - % Meeting Level,90+%
2024/25,Stirling,Aberfoyle Primary School,P4,Listening & Talking - % Meeting Level,c
2024/25,Stirling,Aberfoyle Primary School,P4,Numeracy - % Meeting Level,c
2024/25,Stirling,Aberfoyle Primary School,P4,Reading - % Meeting Level,c
2024/25,Stirling,Aberfoyle Primary School,P4,Writing - % Meeting Level,c
2024/25,Stirling,Aberfoyle Primary School,P7,Listening & Talking - % Meeting Level,c
2024/25,Stirling,Aberfoyle Primary School,P7,Numeracy - % Meeting Level,c
2024/25,Stirling,Aberfoyle Primary School,P7,Reading - % Meeting Level,c
2024/25,Stirling,Aberfoyle Primary School,P7,Writing - % Meeting Level,c
2024/25,Stirling,Allan's Primary School,P1,Listening & Talking - % Meeting Level,80-90%
2024/25,Stirling,Allan's Primary School,P1,Numeracy - % Meeting Level,90+%
2024/25,Stirling,Allan's Primary School,P1,Reading - % Meeting Level,80-90%
2024/25,Stirling,Allan's Primary School,P1,Writing - % Meeting Level,70-80%
2024/25,Stirling,Allan's Primary School,"P1, P4 & P7 combined",Listening & Talking - % Meeting Level,80-90%
2024/25,Stirling,Allan's Primary School,"P1, P4 & P7 combined",Numeracy - % Meeting Level,80-90%
2024/25,Stirling,Allan's Primary School,"P1, P4 & P7 combined",Reading - % Meeting Level,80-90%
2024/25,Stirling,Allan's Primary School,"P1, P4 & P7 combined",Writing - % Meeting Level,70-80%
2024/25,Stirling,Allan's Primary School,P4,Listening & Talking - % Meeting Level,80-90%
2024/25,Stirling,Allan's Primary School,P4,Numeracy - % Meeting Level,70-80%
2024/25,Stirling,Allan's Primary School,P4,Reading - % Meeting Level,70-80%
2024/25,Stirling,Allan's Primary School,P4,Writing - % Meeting Level,70-80%
2024/25,Stirling,Allan's Primary School,P7,Listening & Talking - % Meeting Level,70-80%
2024/25,Stirling,Allan's Primary School,P7,Numeracy - % Meeting Level,70-80%
2024/25,Stirling,Allan's Primary School,P7,Reading - % Meeting Level,70-80%
2024/25,Stirling,Allan's Primary School,P7,Writing - % Meeting Level,60-70%
2024/25,Stirling,Balfron Primary School,P1,Listening & Talking - % Meeting Level,c
2024/25,Stirling,Balfron Primary School,P1,Numeracy - % Meeting Level,c
2024/25,Stirling,Balfron Primary School,P1,Reading - % Meeting Level,c
2024/25,Stirling,Balfron Primary School,P1,Writing - % Meeting Level,c
2024/25,Stirling,Balfron Primary School,"P1, P4 & P7 combined",Listening & Talking - % Meeting Level,90+%
2024/25,Stirling,Balfron Primary School,"P1, P4 & P7 combined",Numeracy - % Meeting Level,90+%
2024/25,Stirling,Balfron Primary School,"P1, P4 & P7 combined",Reading - % Meeting Level,90+%
2024/25,Stirling,Balfron Primary School,"P1, P4 & P7 combined",Writing - % Meeting Level,80-90%
2024/25,Stirling,Balfron Primary School,P4,Listening & Talking - % Meeting Level,90+%
2024/25,Stirling,Balfron Primary School,P4,Numeracy - % Meeting Level,80-90%
2024/25,Stirling,Balfron Primary School,P4,Reading - % Meeting Level,90+%
2024/25,Stirling,Balfron Primary School,P4,Writing - % Meeting Level,80-90%
2024/25,Stirling,Balfron Primary School,P7,Listening & Talking - % Meeting Level,90+%
2024/25,Stirling,Balfron Primary School,P7,Numeracy - % Meeting Level,90+%
2024/25,Stirling,Balfron Primary School,P7,Reading - % Meeting Level,90+%
2024/25,Stirling,Balfron Primary School,P7,Writing - % Meeting Level,90+%
2024/25,Stirling,Bannockburn Primary School,P1,Listening & Talking - % Meeting Level,80-90%
2024/25,Stirling,Bannockburn Primary School,P1,Numeracy - % Meeting Level,80-90%
2024/25,Stirling,Bannockburn Primary School,P1,Reading - % Meeting Level,70-80%
2024/25,Stirling,Bannockburn Primary School,P1,Writing - % Meeting Level,70-80%
2024/25,Stirling,Bannockburn Primary School,"P1, P4 & P7 combined",Listening & Talking - % Meeting Level,70-80%
2024/25,Stirling,Bannockburn Primary School,"P1, P4 & P7 combined",Numeracy - % Meeting Level,70-80%
2024/25,Stirling,Bannockburn Primary School,"P1, P4 & P7 combined",Reading - % Meeting Level,70-80%
2024/25,Stirling,Bannockburn Primary School,"P1, P4 & P7 combined",Writing - % Meeting Level,70-80%
2024/25,Stirling,Bannockburn Primary School,P4,Listening & Talking - % Meeting Level,80-90%
2024/25,Stirling,Bannockburn Primary School,P4,Numeracy - % Meeting Level,70-80%
2024/25,Stirling,Bannockburn Primary School,P4,Reading - % Meeting Level,80-90%
2024/25,Stirling,Bannockburn Primary School,P4,Writing - % Meeting Level,70-80%
2024/25,Stirling,Bannockburn Primary School,P7,Listening & Talking - % Meeting Level,70-80%
2024/25,Stirling,Bannockburn Primary School,P7,Numeracy - % Meeting Level,60-70%
2024/25,Stirling,Bannockburn Primary School,P7,Reading - % Meeting Level,70-80%
2024/25,Stirling,Bannockburn Primary School,P7,Writing - % Meeting Level,60-70%
2024/25,Stirling,Borestone Primary School,P1,Listening & Talking - % Meeting Level,80-90%
2024/25,Stirling,Borestone Primary School,P1,Numeracy - % Meeting Level,80-90%
2024/25,Stirling,Borestone Primary School,P1,Reading - % Meeting Level,70-80%
2024/25,Stirling,Borestone Primary School,P1,Writing - % Meeting Level,70-80%
2024/25,Stirling,Borestone Primary School,"P1, P4 & P7 combined",Listening & Talking - % Meeting Level,80-90%
2024/25,Stirling,Borestone Primary School,"P1, P4 & P7 combined",Numeracy - % Meeting Level,80-90%
2024/25,Stirling,Borestone Primary School,"P1, P4 & P7 combined",Reading - % Meeting Level,80-90%
2024/25,Stirling,Borestone Primary School,"P1, P4 & P7 combined",Writing - % Meeting Level,80-90%
2024/25,Stirling,Borestone Primary School,P4,Listening & Talking - % Meeting Level,80-90%
2024/25,Stirling,Borestone Primary School,P4,Numeracy - % Meeting Level,80-90%
2024/25,Stirling,Borestone Primary School,P4,Reading - % Meeting Level,80-90%
2024/25,Stirling,Borestone Primary School,P4,Writing - % Meeting Level,80-90%
2024/25,Stirling,Borestone Primary School,P7,Listening & Talking - % Meeting Level,80-90%
2024/25,Stirling,Borestone Primary School,P7,Numeracy - % Meeting Level,70-80%
2024/25,Stirling,Borestone Primary School,P7,Reading - % Meeting Level,80-90%
2024/25,Stirling,Borestone Primary School,P7,Writing - % Meeting Level,80-90%
2024/25,Stirling,Braehead Primary School,P1,Listening & Talking - % Meeting Level,60-70%
2024/25,Stirling,Braehead Primary School,P1,Numeracy - % Meeting Level,70-80%
2024/25,Stirling,Braehead Primary School,P1,Reading - % Meeting Level,80-90%
2024/25,Stirling,Braehead Primary School,P1,Writing - % Meeting Level,70-80%
2024/25,Stirling,Braehead Primary School,"P1, P4 & P7 combined",Listening & Talking - % Meeting Level,70-80%
2024/25,Stirling,Braehead Primary School,"P1, P4 & P7 combined",Numeracy - % Meeting Level,70-80%
2024/25,Stirling,Braehead Primary School,"P1, P4 & P7 combined",Reading - % Meeting Level,80-90%
2024/25,Stirling,Braehead Primary School,"P1, P4 & P7 combined",Writing - % Meeting Level,70-80%
2024/25,Stirling,Braehead Primary School,P4,Listening & Talking - % Meeting Level,80-90%
2024/25,Stirling,Braehead Primary School,P4,Numeracy - % Meeting Level,70-80%
2024/25,Stirling,Braehead Primary School,P4,Reading - % Meeting Level,80-90%
2024/25,Stirling,Braehead Primary School,P4,Writing - % Meeting Level,60-70%
2024/25,Stirling,Braehead Primary School,P7,Listening & Talking - % Meeting Level,70-80%
2024/25,Stirling,Braehead Primary School,P7,Numeracy - % Meeting Level,60-70%
2024/25,Stirling,Braehead Primary School,P7,Reading - % Meeting Level,70-80%
2024/25,Stirling,Braehead Primary School,P7,Writing - % Meeting Level,70-80%
2024/25,Stirling,Bridge Of Allan Primary,P1,Listening & Talking - % Meeting Level,80-90%
2024/25,Stirling,Bridge Of Allan Primary,P1,Numeracy - % Meeting Level,80-90%
2024/25,Stirling,Bridge Of Allan Primary,P1,Reading - % Meeting Level,80-90%
2024/25,Stirling,Bridge Of Allan Primary,P1,Writing - % Meeting Level,80-90%
2024/25,Stirling,Bridge Of Allan Primary,"P1, P4 & P7 combined",Listening & Talking - % Meeting Level,90+%
2024/25,Stirling,Bridge Of Allan Primary,"P1, P4 & P7 combined",Numeracy - % Meeting Level,80-90%
2024/25,Stirling,Bridge Of Allan Primary,"P1, P4 & P7 combined",Reading - % Meeting Level,80-90%
2024/25,Stirling,Bridge Of Allan Primary,"P1, P4 & P7 combined",Writing - % Meeting Level,80-90%
2024/25,Stirling,Bridge Of Allan Primary,P4,Listening & Talking - % Meeting Level,90+%
2024/25,Stirling,Bridge Of Allan Primary,P4,Numeracy - % Meeting Level,80-90%
2024/25,Stirling,Bridge Of Allan Primary,P4,Reading - % Meeting Level,80-90%
2024/25,Stirling,Bridge Of Allan Primary,P4,Writing - % Meeting Level,80-90%
2024/25,Stirling,Bridge Of Allan Primary,P7,Listening & Talking - % Meeting Level,90+%
2024/25,Stirling,Bridge Of Allan Primary,P7,Numeracy - % Meeting Level,80-90%
2024/25,Stirling,Bridge Of Allan Primary,P7,Reading - % Meeting Level,80-90%
2024/25,Stirling,Bridge Of Allan Primary,P7,Writing - % Meeting Level,80-90%
2024/25,Stirling,Buchlyvie Primary School,P1,Listening & Talking - % Meeting Level,c
2024/25,Stirling,Buchlyvie Primary School,P1,Numeracy - % Meeting Level,c
2024/25,Stirling,Buchlyvie Primary School,P1,Reading - % Meeting Level,c
2024/25,Stirling,Buchlyvie Primary School,P1,Writing - % Meeting Level,c
2024/25,Stirling,Buchlyvie Primary School,"P1, P4 & P7 combined",Listening & Talking - % Meeting Level,c
2024/25,Stirling,Buchlyvie Primary School,"P1, P4 & P7 combined",Numeracy - % Meeting Level,c
2024/25,Stirling,Buchlyvie Primary School,"P1, P4 & P7 combined",Reading - % Meeting Level,c
2024/25,Stirling,Buchlyvie Primary School,"P1, P4 & P7 combined",Writing - % Meeting Level,c
2024/25,Stirling,Buchlyvie Primary School,P4,Listening & Talking - % Meeting Level,c
2024/25,Stirling,Buchlyvie Primary School,P4,Numeracy - % Meeting Level,c
2024/25,Stirling,Buchlyvie Primary School,P4,Reading - % Meeting Level,c
2024/25,Stirling,Buchlyvie Primary School,P4,Writing - % Meeting Level,c
2024/25,Stirling,Buchlyvie Primary School,P7,Listening & Talking - % Meeting Level,c
2024/25,Stirling,Buchlyvie Primary School,P7,Numeracy - % Meeting Level,c
2024/25,Stirling,Buchlyvie Primary School,P7,Reading - % Meeting Level,c
2024/25,Stirling,Buchlyvie Primary School,P7,Writing - % Meeting Level,c
2024/25,Stirling,Callander Primary School,P1,Listening & Talking - % Meeting Level,90+%
2024/25,Stirling,Callander Primary School,P1,Numeracy - % Meeting Level,90+%
2024/25,Stirling,Callander Primary School,P1,Reading - % Meeting Level,80-90%
2024/25,Stirling,Callander Primary School,P1,Writing - % Meeting Level,80-90%
2024/25,Stirling,Callander Primary School,"P1, P4 & P7 combined",Listening & Talking - % Meeting Level,90+%
2024/25,Stirling,Callander Primary School,"P1, P4 & P7 combined",Numeracy - % Meeting Level,80-90%
2024/25,Stirling,Callander Primary School,"P1, P4 & P7 combined",Reading - % Meeting Level,80-90%
2024/25,Stirling,Callander Primary School,"P1, P4 & P7 combined",Writing - % Meeting Level,80-90%
2024/25,Stirling,Callander Primary School,P4,Listening & Talking - % Meeting Level,80-90%
2024/25,Stirling,Callander Primary School,P4,Numeracy - % Meeting Level,80-90%
2024/25,Stirling,Callander Primary School,P4,Reading - % Meeting Level,80-90%
2024/25,Stirling,Callander Primary School,P4,Writing - % Meeting Level,80-90%
2024/25,Stirling,Callander Primary School,P7,Listening & Talking - % Meeting Level,90+%
2024/25,Stirling,Callander Primary School,P7,Numeracy - % Meeting Level,80-90%
2024/25,Stirling,Callander Primary School,P7,Reading - % Meeting Level,70-80%
2024/25,Stirling,Callander Primary School,P7,Writing - % Meeting Level,70-80%
2024/25,Stirling,Cambusbarron Primary School,P1,Listening & Talking - % Meeting Level,80-90%
2024/25,Stirling,Cambusbarron Primary School,P1,Numeracy - % Meeting Level,80-90%
2024/25,Stirling,Cambusbarron Primary School,P1,Reading - % Meeting Level,70-80%
2024/25,Stirling,Cambusbarron Primary School,P1,Writing - % Meeting Level,70-80%
2024/25,Stirling,Cambusbarron Primary School,"P1, P4 & P7 combined",Listening & Talking - % Meeting Level,90+%
2024/25,Stirling,Cambusbarron Primary School,"P1, P4 & P7 combined",Numeracy - % Meeting Level,80-90%
2024/25,Stirling,Cambusbarron Primary School,"P1, P4 & P7 combined",Reading - % Meeting Level,80-90%
2024/25,Stirling,Cambusbarron Primary School,"P1, P4 & P7 combined",Writing - % Meeting Level,70-80%
2024/25,Stirling,Cambusbarron Primary School,P4,Listening & Talking - % Meeting Level,90+%
2024/25,Stirling,Cambusbarron Primary School,P4,Numeracy - % Meeting Level,70-80%
2024/25,Stirling,Cambusbarron Primary School,P4,Reading - % Meeting Level,80-90%
2024/25,Stirling,Cambusbarron Primary School,P4,Writing - % Meeting Level,70-80%
2024/25,Stirling,Cambusbarron Primary School,P7,Listening & Talking - % Meeting Level,90+%
2024/25,Stirling,Cambusbarron Primary School,P7,Numeracy - % Meeting Level,90+%
2024/25,Stirling,Cambusbarron Primary School,P7,Reading - % Meeting Level,90+%
2024/25,Stirling,Cambusbarron Primary School,P7,Writing - % Meeting Level,80-90%
2024/25,Stirling,Cornton Primary School,P1,Listening & Talking - % Meeting Level,80-90%
2024/25,Stirling,Cornton Primary School,P1,Numeracy - % Meeting Level,80-90%
2024/25,Stirling,Cornton Primary School,P1,Reading - % Meeting Level,80-90%
2024/25,Stirling,Cornton Primary School,P1,Writing - % Meeting Level,80-90%
2024/25,Stirling,Cornton Primary School,"P1, P4 & P7 combined",Listening & Talking - % Meeting Level,90+%
2024/25,Stirling,Cornton Primary School,"P1, P4 & P7 combined",Numeracy - % Meeting Level,80-90%
2024/25,Stirling,Cornton Primary School,"P1, P4 & P7 combined",Reading - % Meeting Level,80-90%
2024/25,Stirling,Cornton Primary School,"P1, P4 & P7 combined",Writing - % Meeting Level,80-90%
2024/25,Stirling,Cornton Primary School,P4,Listening & Talking - % Meeting Level,90+%
2024/25,Stirling,Cornton Primary School,P4,Numeracy - % Meeting Level,70-80%
2024/25,Stirling,Cornton Primary School,P4,Reading - % Meeting Level,80-90%
2024/25,Stirling,Cornton Primary School,P4,Writing - % Meeting Level,70-80%
2024/25,Stirling,Cornton Primary School,P7,Listening & Talking - % Meeting Level,c
2024/25,Stirling,Cornton Primary School,P7,Numeracy - % Meeting Level,c
2024/25,Stirling,Cornton Primary School,P7,Reading - % Meeting Level,c
2024/25,Stirling,Cornton Primary School,P7,Writing - % Meeting Level,c
2024/25,Stirling,Cowie Primary School,P1,Listening & Talking - % Meeting Level,c
2024/25,Stirling,Cowie Primary School,P1,Numeracy - % Meeting Level,c
2024/25,Stirling,Cowie Primary School,P1,Reading - % Meeting Level,c
2024/25,Stirling,Cowie Primary School,P1,Writing - % Meeting Level,c
2024/25,Stirling,Cowie Primary School,"P1, P4 & P7 combined",Listening & Talking - % Meeting Level,90+%
2024/25,Stirling,Cowie Primary School,"P1, P4 & P7 combined",Numeracy - % Meeting Level,80-90%
2024/25,Stirling,Cowie Primary School,"P1, P4 & P7 combined",Reading - % Meeting Level,80-90%
2024/25,Stirling,Cowie Primary School,"P1, P4 & P7 combined",Writing - % Meeting Level,80-90%
2024/25,Stirling,Cowie Primary School,P4,Listening & Talking - % Meeting Level,90+%
2024/25,Stirling,Cowie Primary School,P4,Numeracy - % Meeting Level,70-80%
2024/25,Stirling,Cowie Primary School,P4,Reading - % Meeting Level,80-90%
2024/25,Stirling,Cowie Primary School,P4,Writing - % Meeting Level,80-90%
2024/25,Stirling,Cowie Primary School,P7,Listening & Talking - % Meeting Level,c
2024/25,Stirling,Cowie Primary School,P7,Numeracy - % Meeting Level,c
2024/25,Stirling,Cowie Primary School,P7,Reading - % Meeting Level,c
2024/25,Stirling,Cowie Primary School,P7,Writing - % Meeting Level,c
2024/25,Stirling,Crianlarich Primary School,P1,Listening & Talking - % Meeting Level,c
2024/25,Stirling,Crianlarich Primary School,P1,Numeracy - % Meeting Level,c
2024/25,Stirling,Crianlarich Primary School,P1,Reading - % Meeting Level,c
2024/25,Stirling,Crianlarich Primary School,P1,Writing - % Meeting Level,c
2024/25,Stirling,Crianlarich Primary School,"P1, P4 & P7 combined",Listening & Talking - % Meeting Level,c
2024/25,Stirling,Crianlarich Primary School,"P1, P4 & P7 combined",Numeracy - % Meeting Level,c
2024/25,Stirling,Crianlarich Primary School,"P1, P4 & P7 combined",Reading - % Meeting Level,c
2024/25,Stirling,Crianlarich Primary School,"P1, P4 & P7 combined",Writing - % Meeting Level,c
2024/25,Stirling,Crianlarich Primary School,P4,Listening & Talking - % Meeting Level,c
2024/25,Stirling,Crianlarich Primary School,P4,Numeracy - % Meeting Level,c
2024/25,Stirling,Crianlarich Primary School,P4,Reading - % Meeting Level,c
2024/25,Stirling,Crianlarich Primary School,P4,Writing - % Meeting Level,c
2024/25,Stirling,Crianlarich Primary School,P7,Listening & Talking - % Meeting Level,c
2024/25,Stirling,Crianlarich Primary School,P7,Numeracy - % Meeting Level,c
2024/25,Stirling,Crianlarich Primary School,P7,Reading - % Meeting Level,c
2024/25,Stirling,Crianlarich Primary School,P7,Writing - % Meeting Level,c
2024/25,Stirling,Deanston Primary School,"P1, P4 & P7 combined",Listening & Talking - % Meeting Level,c
2024/25,Stirling,Deanston Primary School,"P1, P4 & P7 combined",Numeracy - % Meeting Level,c
2024/25,Stirling,Deanston Primary School,"P1, P4 & P7 combined",Reading - % Meeting Level,c
2024/25,Stirling,Deanston Primary School,"P1, P4 & P7 combined",Writing - % Meeting Level,c
2024/25,Stirling,Deanston Primary School,P4,Listening & Talking - % Meeting Level,c
2024/25,Stirling,Deanston Primary School,P4,Numeracy - % Meeting Level,c
2024/25,Stirling,Deanston Primary School,P4,Reading - % Meeting Level,c
2024/25,Stirling,Deanston Primary School,P4,Writing - % Meeting Level,c
2024/25,Stirling,Deanston Primary School,P7,Listening & Talking - % Meeting Level,c
2024/25,Stirling,Deanston Primary School,P7,Numeracy - % Meeting Level,c
2024/25,Stirling,Deanston Primary School,P7,Reading - % Meeting Level,c
2024/25,Stirling,Deanston Primary School,P7,Writing - % Meeting Level,c
2024/25,Stirling,Doune Primary School,P1,Listening & Talking - % Meeting Level,80-90%
2024/25,Stirling,Doune Primary School,P1,Numeracy - % Meeting Level,80-90%
2024/25,Stirling,Doune Primary School,P1,Reading - % Meeting Level,70-80%
2024/25,Stirling,Doune Primary School,P1,Writing - % Meeting Level,80-90%
2024/25,Stirling,Doune Primary School,"P1, P4 & P7 combined",Listening & Talking - % Meeting Level,90+%
2024/25,Stirling,Doune Primary School,"P1, P4 & P7 combined",Numeracy - % Meeting Level,80-90%
2024/25,Stirling,Doune Primary School,"P1, P4 & P7 combined",Reading - % Meeting Level,80-90%
2024/25,Stirling,Doune Primary School,"P1, P4 & P7 combined",Writing - % Meeting Level,80-90%
2024/25,Stirling,Doune Primary School,P4,Listening & Talking - % Meeting Level,90+%
2024/25,Stirling,Doune Primary School,P4,Numeracy - % Meeting Level,70-80%
2024/25,Stirling,Doune Primary School,P4,Reading - % Meeting Level,80-90%
2024/25,Stirling,Doune Primary School,P4,Writing - % Meeting Level,70-80%
2024/25,Stirling,Doune Primary School,P7,Listening & Talking - % Meeting Level,90+%
2024/25,Stirling,Doune Primary School,P7,Numeracy - % Meeting Level,80-90%
2024/25,Stirling,Doune Primary School,P7,Reading - % Meeting Level,90+%
2024/25,Stirling,Doune Primary School,P7,Writing - % Meeting Level,80-90%
2024/25,Stirling,Drymen Primary School,P1,Listening & Talking - % Meeting Level,c
2024/25,Stirling,Drymen Primary School,P1,Numeracy - % Meeting Level,c
2024/25,Stirling,Drymen Primary School,P1,Reading - % Meeting Level,c
2024/25,Stirling,Drymen Primary School,P1,Writing - % Meeting Level,c
2024/25,Stirling,Drymen Primary School,"P1, P4 & P7 combined",Listening & Talking - % Meeting Level,90+%
2024/25,Stirling,Drymen Primary School,"P1, P4 & P7 combined",Numeracy - % Meeting Level,80-90%
2024/25,Stirling,Drymen Primary School,"P1, P4 & P7 combined",Reading - % Meeting Level,80-90%
2024/25,Stirling,Drymen Primary School,"P1, P4 & P7 combined",Writing - % Meeting Level,70-80%
2024/25,Stirling,Drymen Primary School,P4,Listening & Talking - % Meeting Level,c
2024/25,Stirling,Drymen Primary School,P4,Numeracy - % Meeting Level,c
2024/25,Stirling,Drymen Primary School,P4,Reading - % Meeting Level,c
2024/25,Stirling,Drymen Primary School,P4,Writing - % Meeting Level,c
2024/25,Stirling,Drymen Primary School,P7,Listening & Talking - % Meeting Level,80-90%
2024/25,Stirling,Drymen Primary School,P7,Numeracy - % Meeting Level,60-70%
2024/25,Stirling,Drymen Primary School,P7,Reading - % Meeting Level,80-90%
2024/25,Stirling,Drymen Primary School,P7,Writing - % Meeting Level,60-70%
2024/25,Stirling,Dunblane Primary School,P1,Listening & Talking - % Meeting Level,90+%
2024/25,Stirling,Dunblane Primary School,P1,Numeracy - % Meeting Level,90+%
2024/25,Stirling,Dunblane Primary School,P1,Reading - % Meeting Level,90+%
2024/25,Stirling,Dunblane Primary School,P1,Writing - % Meeting Level,90+%
2024/25,Stirling,Dunblane Primary School,"P1, P4 & P7 combined",Listening & Talking - % Meeting Level,90+%
2024/25,Stirling,Dunblane Primary School,"P1, P4 & P7 combined",Numeracy - % Meeting Level,80-90%
2024/25,Stirling,Dunblane Primary School,"P1, P4 & P7 combined",Reading - % Meeting Level,90+%
2024/25,Stirling,Dunblane Primary School,"P1, P4 & P7 combined",Writing - % Meeting Level,80-90%
2024/25,Stirling,Dunblane Primary School,P4,Listening & Talking - % Meeting Level,90+%
2024/25,Stirling,Dunblane Primary School,P4,Numeracy - % Meeting Level,70-80%
2024/25,Stirling,Dunblane Primary School,P4,Reading - % Meeting Level,80-90%
2024/25,Stirling,Dunblane Primary School,P4,Writing - % Meeting Level,70-80%
2024/25,Stirling,Dunblane Primary School,P7,Listening & Talking - % Meeting Level,90+%
2024/25,Stirling,Dunblane Primary School,P7,Numeracy - % Meeting Level,80-90%
2024/25,Stirling,Dunblane Primary School,P7,Reading - % Meeting Level,90+%
2024/25,Stirling,Dunblane Primary School,P7,Writing - % Meeting Level,90+%
2024/25,Stirling,East Plean Primary School,P1,Listening & Talking - % Meeting Level,c
2024/25,Stirling,East Plean Primary School,P1,Numeracy - % Meeting Level,c
2024/25,Stirling,East Plean Primary School,P1,Reading - % Meeting Level,c
2024/25,Stirling,East Plean Primary School,P1,Writing - % Meeting Level,c
2024/25,Stirling,East Plean Primary School,"P1, P4 & P7 combined",Listening & Talking - % Meeting Level,80-90%
2024/25,Stirling,East Plean Primary School,"P1, P4 & P7 combined",Numeracy - % Meeting Level,70-80%
2024/25,Stirling,East Plean Primary School,"P1, P4 & P7 combined",Reading - % Meeting Level,70-80%
2024/25,Stirling,East Plean Primary School,"P1, P4 & P7 combined",Writing - % Meeting Level,70-80%
2024/25,Stirling,East Plean Primary School,P4,Listening & Talking - % Meeting Level,80-90%
2024/25,Stirling,East Plean Primary School,P4,Numeracy - % Meeting Level,70-80%
2024/25,Stirling,East Plean Primary School,P4,Reading - % Meeting Level,70-80%
2024/25,Stirling,East Plean Primary School,P4,Writing - % Meeting Level,60-70%
2024/25,Stirling,East Plean Primary School,P7,Listening & Talking - % Meeting Level,90+%
2024/25,Stirling,East Plean Primary School,P7,Numeracy - % Meeting Level,70-80%
2024/25,Stirling,East Plean Primary School,P7,Reading - % Meeting Level,80-90%
2024/25,Stirling,East Plean Primary School,P7,Writing - % Meeting Level,80-90%
2024/25,Stirling,Fallin Primary School,P1,Listening & Talking - % Meeting Level,80-90%
2024/25,Stirling,Fallin Primary School,P1,Numeracy - % Meeting Level,60-70%
2024/25,Stirling,Fallin Primary School,P1,Reading - % Meeting Level,70-80%
2024/25,Stirling,Fallin Primary School,P1,Writing - % Meeting Level,70-80%
2024/25,Stirling,Fallin Primary School,"P1, P4 & P7 combined",Listening & Talking - % Meeting Level,80-90%
2024/25,Stirling,Fallin Primary School,"P1, P4 & P7 combined",Numeracy - % Meeting Level,70-80%
2024/25,Stirling,Fallin Primary School,"P1, P4 & P7 combined",Reading - % Meeting Level,70-80%
2024/25,Stirling,Fallin Primary School,"P1, P4 & P7 combined",Writing - % Meeting Level,70-80%
2024/25,Stirling,Fallin Primary School,P4,Listening & Talking - % Meeting Level,80-90%
2024/25,Stirling,Fallin Primary School,P4,Numeracy - % Meeting Level,80-90%
2024/25,Stirling,Fallin Primary School,P4,Reading - % Meeting Level,80-90%
2024/25,Stirling,Fallin Primary School,P4,Writing - % Meeting Level,80-90%
2024/25,Stirling,Fallin Primary School,P7,Listening & Talking - % Meeting Level,80-90%
2024/25,Stirling,Fallin Primary School,P7,Numeracy - % Meeting Level,60-70%
2024/25,Stirling,Fallin Primary School,P7,Reading - % Meeting Level,70-80%
2024/25,Stirling,Fallin Primary School,P7,Writing - % Meeting Level,60-70%
2024/25,Stirling,Fintry Primary School,P1,Listening & Talking - % Meeting Level,c
2024/25,Stirling,Fintry Primary School,P1,Numeracy - % Meeting Level,c
2024/25,Stirling,Fintry Primary School,P1,Reading - % Meeting Level,c
2024/25,Stirling,Fintry Primary School,P1,Writing - % Meeting Level,c
2024/25,Stirling,Fintry Primary School,"P1, P4 & P7 combined",Listening & Talking - % Meeting Level,90+%
2024/25,Stirling,Fintry Primary School,"P1, P4 & P7 combined",Numeracy - % Meeting Level,90+%
2024/25,Stirling,Fintry Primary School,"P1, P4 & P7 combined",Reading - % Meeting Level,90+%
2024/25,Stirling,Fintry Primary School,"P1, P4 & P7 combined",Writing - % Meeting Level,90+%
2024/25,Stirling,Fintry Primary School,P4,Listening & Talking - % Meeting Level,c
2024/25,Stirling,Fintry Primary School,P4,Numeracy - % Meeting Level,c
2024/25,Stirling,Fintry Primary School,P4,Reading - % Meeting Level,c
2024/25,Stirling,Fintry Primary School,P4,Writing - % Meeting Level,c
2024/25,Stirling,Fintry Primary School,P7,Listening & Talking - % Meeting Level,c
2024/25,Stirling,Fintry Primary School,P7,Numeracy - % Meeting Level,c
2024/25,Stirling,Fintry Primary School,P7,Reading - % Meeting Level,c
2024/25,Stirling,Fintry Primary School,P7,Writing - % Meeting Level,c
2024/25,Stirling,Gargunnock Primary School,P1,Listening & Talking - % Meeting Level,c
2024/25,Stirling,Gargunnock Primary School,P1,Numeracy - % Meeting Level,c
2024/25,Stirling,Gargunnock Primary School,P1,Reading - % Meeting Level,c
2024/25,Stirling,Gargunnock Primary School,P1,Writing - % Meeting Level,c
2024/25,Stirling,Gargunnock Primary School,"P1, P4 & P7 combined",Listening & Talking - % Meeting Level,c
2024/25,Stirling,Gargunnock Primary School,"P1, P4 & P7 combined",Numeracy - % Meeting Level,c
2024/25,Stirling,Gargunnock Primary School,"P1, P4 & P7 combined",Reading - % Meeting Level,c
2024/25,Stirling,Gargunnock Primary School,"P1, P4 & P7 combined",Writing - % Meeting Level,c
2024/25,Stirling,Gargunnock Primary School,P4,Listening & Talking - % Meeting Level,c
2024/25,Stirling,Gargunnock Primary School,P4,Numeracy - % Meeting Level,c
2024/25,Stirling,Gargunnock Primary School,P4,Reading - % Meeting Level,c
2024/25,Stirling,Gargunnock Primary School,P4,Writing - % Meeting Level,c
2024/25,Stirling,Gargunnock Primary School,P7,Listening & Talking - % Meeting Level,c
2024/25,Stirling,Gargunnock Primary School,P7,Numeracy - % Meeting Level,c
2024/25,Stirling,Gargunnock Primary School,P7,Reading - % Meeting Level,c
2024/25,Stirling,Gargunnock Primary School,P7,Writing - % Meeting Level,c
2024/25,Stirling,Gartmore Primary School,P1,Listening & Talking - % Meeting Level,c
2024/25,Stirling,Gartmore Primary School,P1,Numeracy - % Meeting Level,c
2024/25,Stirling,Gartmore Primary School,P1,Reading - % Meeting Level,c
2024/25,Stirling,Gartmore Primary School,P1,Writing - % Meeting Level,c
2024/25,Stirling,Gartmore Primary School,"P1, P4 & P7 combined",Listening & Talking - % Meeting Level,c
2024/25,Stirling,Gartmore Primary School,"P1, P4 & P7 combined",Numeracy - % Meeting Level,c
2024/25,Stirling,Gartmore Primary School,"P1, P4 & P7 combined",Reading - % Meeting Level,c
2024/25,Stirling,Gartmore Primary School,"P1, P4 & P7 combined",Writing - % Meeting Level,c
2024/25,Stirling,Gartmore Primary School,P4,Listening & Talking - % Meeting Level,c
2024/25,Stirling,Gartmore Primary School,P4,Numeracy - % Meeting Level,c
2024/25,Stirling,Gartmore Primary School,P4,Reading - % Meeting Level,c
2024/25,Stirling,Gartmore Primary School,P4,Writing - % Meeting Level,c
2024/25,Stirling,Gartmore Primary School,P7,Listening & Talking - % Meeting Level,c
2024/25,Stirling,Gartmore Primary School,P7,Numeracy - % Meeting Level,c
2024/25,Stirling,Gartmore Primary School,P7,Reading - % Meeting Level,c
2024/25,Stirling,Gartmore Primary School,P7,Writing - % Meeting Level,c
2024/25,Stirling,Killearn Primary School,P1,Listening & Talking - % Meeting Level,90+%
2024/25,Stirling,Killearn Primary School,P1,Numeracy - % Meeting Level,90+%
2024/25,Stirling,Killearn Primary School,P1,Reading - % Meeting Level,90+%
2024/25,Stirling,Killearn Primary School,P1,Writing - % Meeting Level,80-90%
2024/25,Stirling,Killearn Primary School,"P1, P4 & P7 combined",Listening & Talking - % Meeting Level,90+%
2024/25,Stirling,Killearn Primary School,"P1, P4 & P7 combined",Numeracy - % Meeting Level,80-90%
2024/25,Stirling,Killearn Primary School,"P1, P4 & P7 combined",Reading - % Meeting Level,80-90%
2024/25,Stirling,Killearn Primary School,"P1, P4 & P7 combined",Writing - % Meeting Level,70-80%
2024/25,Stirling,Killearn Primary School,P4,Listening & Talking - % Meeting Level,90+%
2024/25,Stirling,Killearn Primary School,P4,Numeracy - % Meeting Level,80-90%
2024/25,Stirling,Killearn Primary School,P4,Reading - % Meeting Level,70-80%
2024/25,Stirling,Killearn Primary School,P4,Writing - % Meeting Level,60-70%
2024/25,Stirling,Killearn Primary School,P7,Listening & Talking - % Meeting Level,90+%
2024/25,Stirling,Killearn Primary School,P7,Numeracy - % Meeting Level,80-90%
2024/25,Stirling,Killearn Primary School,P7,Reading - % Meeting Level,80-90%
2024/25,Stirling,Killearn Primary School,P7,Writing - % Meeting Level,80-90%
2024/25,Stirling,Killin Primary School,P1,Listening & Talking - % Meeting Level,c
2024/25,Stirling,Killin Primary School,P1,Numeracy - % Meeting Level,c
2024/25,Stirling,Killin Primary School,P1,Reading - % Meeting Level,c
2024/25,Stirling,Killin Primary School,P1,Writing - % Meeting Level,c
2024/25,Stirling,Killin Primary School,"P1, P4 & P7 combined",Listening & Talking - % Meeting Level,c
2024/25,Stirling,Killin Primary School,"P1, P4 & P7 combined",Numeracy - % Meeting Level,c
2024/25,Stirling,Killin Primary School,"P1, P4 & P7 combined",Reading - % Meeting Level,c
2024/25,Stirling,Killin Primary School,"P1, P4 & P7 combined",Writing - % Meeting Level,c
2024/25,Stirling,Killin Primary School,P4,Listening & Talking - % Meeting Level,c
2024/25,Stirling,Killin Primary School,P4,Numeracy - % Meeting Level,c
2024/25,Stirling,Killin Primary School,P4,Reading - % Meeting Level,c
2024/25,Stirling,Killin Primary School,P4,Writing - % Meeting Level,c
2024/25,Stirling,Killin Primary School,P7,Listening & Talking - % Meeting Level,c
2024/25,Stirling,Killin Primary School,P7,Numeracy - % Meeting Level,c
2024/25,Stirling,Killin Primary School,P7,Reading - % Meeting Level,c
2024/25,Stirling,Killin Primary School,P7,Writing - % Meeting Level,c
2024/25,Stirling,Kincardine-in-Menteith Primary School,P1,Listening & Talking - % Meeting Level,c
2024/25,Stirling,Kincardine-in-Menteith Primary School,P1,Numeracy - % Meeting Level,c
2024/25,Stirling,Kincardine-in-Menteith Primary School,P1,Reading - % Meeting Level,c
2024/25,Stirling,Kincardine-in-Menteith Primary School,P1,Writing - % Meeting Level,c
2024/25,Stirling,Kincardine-in-Menteith Primary School,"P1, P4 & P7 combined",Listening & Talking - % Meeting Level,c
2024/25,Stirling,Kincardine-in-Menteith Primary School,"P1, P4 & P7 combined",Numeracy - % Meeting Level,c
2024/25,Stirling,Kincardine-in-Menteith Primary School,"P1, P4 & P7 combined",Reading - % Meeting Level,c
2024/25,Stirling,Kincardine-in-Menteith Primary School,"P1, P4 & P7 combined",Writing - % Meeting Level,c
2024/25,Stirling,Kincardine-in-Menteith Primary School,P4,Listening & Talking - % Meeting Level,c
2024/25,Stirling,Kincardine-in-Menteith Primary School,P4,Numeracy - % Meeting Level,c
2024/25,Stirling,Kincardine-in-Menteith Primary School,P4,Reading - % Meeting Level,c
2024/25,Stirling,Kincardine-in-Menteith Primary School,P4,Writing - % Meeting Level,c
2024/25,Stirling,Kincardine-in-Menteith Primary School,P7,Listening & Talking - % Meeting Level,c
2024/25,Stirling,Kincardine-in-Menteith Primary School,P7,Numeracy - % Meeting Level,c
2024/25,Stirling,Kincardine-in-Menteith Primary School,P7,Reading - % Meeting Level,c
2024/25,Stirling,Kincardine-in-Menteith Primary School,P7,Writing - % Meeting Level,c
2024/25,Stirling,Kippen Primary School,P1,Listening & Talking - % Meeting Level,90+%
2024/25,Stirling,Kippen Primary School,P1,Numeracy - % Meeting Level,90+%
2024/25,Stirling,Kippen Primary School,P1,Reading - % Meeting Level,90+%
2024/25,Stirling,Kippen Primary School,P1,Writing - % Meeting Level,90+%
2024/25,Stirling,Kippen Primary School,"P1, P4 & P7 combined",Listening & Talking - % Meeting Level,90+%
2024/25,Stirling,Kippen Primary School,"P1, P4 & P7 combined",Numeracy - % Meeting Level,80-90%
2024/25,Stirling,Kippen Primary School,"P1, P4 & P7 combined",Reading - % Meeting Level,90+%
2024/25,Stirling,Kippen Primary School,"P1, P4 & P7 combined",Writing - % Meeting Level,90+%
2024/25,Stirling,Kippen Primary School,P4,Listening & Talking - % Meeting Level,c
2024/25,Stirling,Kippen Primary School,P4,Numeracy - % Meeting Level,c
2024/25,Stirling,Kippen Primary School,P4,Reading - % Meeting Level,c
2024/25,Stirling,Kippen Primary School,P4,Writing - % Meeting Level,c
2024/25,Stirling,Kippen Primary School,P7,Listening & Talking - % Meeting Level,c
2024/25,Stirling,Kippen Primary School,P7,Numeracy - % Meeting Level,c
2024/25,Stirling,Kippen Primary School,P7,Reading - % Meeting Level,c
2024/25,Stirling,Kippen Primary School,P7,Writing - % Meeting Level,c
2024/25,Stirling,Newton Primary School,P1,Listening & Talking - % Meeting Level,90+%
2024/25,Stirling,Newton Primary School,P1,Numeracy - % Meeting Level,80-90%
2024/25,Stirling,Newton Primary School,P1,Reading - % Meeting Level,90+%
2024/25,Stirling,Newton Primary School,P1,Writing - % Meeting Level,90+%
2024/25,Stirling,Newton Primary School,"P1, P4 & P7 combined",Listening & Talking - % Meeting Level,90+%
2024/25,Stirling,Newton Primary School,"P1, P4 & P7 combined",Numeracy - % Meeting Level,80-90%
2024/25,Stirling,Newton Primary School,"P1, P4 & P7 combined",Reading - % Meeting Level,80-90%
2024/25,Stirling,Newton Primary School,"P1, P4 & P7 combined",Writing - % Meeting Level,80-90%
2024/25,Stirling,Newton Primary School,P4,Listening & Talking - % Meeting Level,90+%
2024/25,Stirling,Newton Primary School,P4,Numeracy - % Meeting Level,80-90%
2024/25,Stirling,Newton Primary School,P4,Reading - % Meeting Level,80-90%
2024/25,Stirling,Newton Primary School,P4,Writing - % Meeting Level,70-80%
2024/25,Stirling,Newton Primary School,P7,Listening & Talking - % Meeting Level,90+%
2024/25,Stirling,Newton Primary School,P7,Numeracy - % Meeting Level,80-90%
2024/25,Stirling,Newton Primary School,P7,Reading - % Meeting Level,80-90%
2024/25,Stirling,Newton Primary School,P7,Writing - % Meeting Level,80-90%
2024/25,Stirling,Our Lady's RC Primary School,P1,Listening & Talking - % Meeting Level,c
2024/25,Stirling,Our Lady's RC Primary School,P1,Numeracy - % Meeting Level,c
2024/25,Stirling,Our Lady's RC Primary School,P1,Reading - % Meeting Level,c
2024/25,Stirling,Our Lady's RC Primary School,P1,Writing - % Meeting Level,c
2024/25,Stirling,Our Lady's RC Primary School,"P1, P4 & P7 combined",Listening & Talking - % Meeting Level,80-90%
2024/25,Stirling,Our Lady's RC Primary School,"P1, P4 & P7 combined",Numeracy - % Meeting Level,60-70%
2024/25,Stirling,Our Lady's RC Primary School,"P1, P4 & P7 combined",Reading - % Meeting Level,70-80%
2024/25,Stirling,Our Lady's RC Primary School,"P1, P4 & P7 combined",Writing - % Meeting Level,70-80%
2024/25,Stirling,Our Lady's RC Primary School,P4,Listening & Talking - % Meeting Level,c
2024/25,Stirling,Our Lady's RC Primary School,P4,Numeracy - % Meeting Level,c
2024/25,Stirling,Our Lady's RC Primary School,P4,Reading - % Meeting Level,c
2024/25,Stirling,Our Lady's RC Primary School,P4,Writing - % Meeting Level,c
2024/25,Stirling,Our Lady's RC Primary School,P7,Listening & Talking - % Meeting Level,c
2024/25,Stirling,Our Lady's RC Primary School,P7,Numeracy - % Meeting Level,c
2024/25,Stirling,Our Lady's RC Primary School,P7,Reading - % Meeting Level,c
2024/25,Stirling,Our Lady's RC Primary School,P7,Writing - % Meeting Level,c
2024/25,Stirling,Port of Menteith Primary School,P1,Listening & Talking - % Meeting Level,c
2024/25,Stirling,Port of Menteith Primary School,P1,Numeracy - % Meeting Level,c
2024/25,Stirling,Port of Menteith Primary School,P1,Reading - % Meeting Level,c
2024/25,Stirling,Port of Menteith Primary School,P1,Writing - % Meeting Level,c
2024/25,Stirling,Port of Menteith Primary School,"P1, P4 & P7 combined",Listening & Talking - % Meeting Level,c
2024/25,Stirling,Port of Menteith Primary School,"P1, P4 & P7 combined",Numeracy - % Meeting Level,c
2024/25,Stirling,Port of Menteith Primary School,"P1, P4 & P7 combined",Reading - % Meeting Level,c
2024/25,Stirling,Port of Menteith Primary School,"P1, P4 & P7 combined",Writing - % Meeting Level,c
2024/25,Stirling,Port of Menteith Primary School,P4,Listening & Talking - % Meeting Level,c
2024/25,Stirling,Port of Menteith Primary School,P4,Numeracy - % Meeting Level,c
2024/25,Stirling,Port of Menteith Primary School,P4,Reading - % Meeting Level,c
2024/25,Stirling,Port of Menteith Primary School,P4,Writing - % Meeting Level,c
2024/25,Stirling,Raploch Primary School,P1,Listening & Talking - % Meeting Level,70-80%
2024/25,Stirling,Raploch Primary School,P1,Numeracy - % Meeting Level,70-80%
2024/25,Stirling,Raploch Primary School,P1,Reading - % Meeting Level,60-70%
2024/25,Stirling,Raploch Primary School,P1,Writing - % Meeting Level,70-80%
2024/25,Stirling,Raploch Primary School,"P1, P4 & P7 combined",Listening & Talking - % Meeting Level,70-80%
2024/25,Stirling,Raploch Primary School,"P1, P4 & P7 combined",Numeracy - % Meeting Level,60-70%
2024/25,Stirling,Raploch Primary School,"P1, P4 & P7 combined",Reading - % Meeting Level,60-70%
2024/25,Stirling,Raploch Primary School,"P1, P4 & P7 combined",Writing - % Meeting Level,60-70%
2024/25,Stirling,Raploch Primary School,P4,Listening & Talking - % Meeting Level,70-80%
2024/25,Stirling,Raploch Primary School,P4,Numeracy - % Meeting Level,70-80%
2024/25,Stirling,Raploch Primary School,P4,Reading - % Meeting Level,70-80%
2024/25,Stirling,Raploch Primary School,P4,Writing - % Meeting Level,60-70%
2024/25,Stirling,Raploch Primary School,P7,Listening & Talking - % Meeting Level,70-80%
2024/25,Stirling,Raploch Primary School,P7,Numeracy - % Meeting Level,50-60%
2024/25,Stirling,Raploch Primary School,P7,Reading - % Meeting Level,60-70%
2024/25,Stirling,Raploch Primary School,P7,Writing - % Meeting Level,50-60%
2024/25,Stirling,Riverside Primary School,P1,Listening & Talking - % Meeting Level,80-90%
2024/25,Stirling,Riverside Primary School,P1,Numeracy - % Meeting Level,70-80%
2024/25,Stirling,Riverside Primary School,P1,Reading - % Meeting Level,70-80%
2024/25,Stirling,Riverside Primary School,P1,Writing - % Meeting Level,60-70%
2024/25,Stirling,Riverside Primary School,"P1, P4 & P7 combined",Listening & Talking - % Meeting Level,80-90%
2024/25,Stirling,Riverside Primary School,"P1, P4 & P7 combined",Numeracy - % Meeting Level,70-80%
2024/25,Stirling,Riverside Primary School,"P1, P4 & P7 combined",Reading - % Meeting Level,70-80%
2024/25,Stirling,Riverside Primary School,"P1, P4 & P7 combined",Writing - % Meeting Level,70-80%
2024/25,Stirling,Riverside Primary School,P4,Listening & Talking - % Meeting Level,90+%
2024/25,Stirling,Riverside Primary School,P4,Numeracy - % Meeting Level,80-90%
2024/25,Stirling,Riverside Primary School,P4,Reading - % Meeting Level,80-90%
2024/25,Stirling,Riverside Primary School,P4,Writing - % Meeting Level,70-80%
2024/25,Stirling,Riverside Primary School,P7,Listening & Talking - % Meeting Level,80-90%
2024/25,Stirling,Riverside Primary School,P7,Numeracy - % Meeting Level,70-80%
2024/25,Stirling,Riverside Primary School,P7,Reading - % Meeting Level,70-80%
2024/25,Stirling,Riverside Primary School,P7,Writing - % Meeting Level,70-80%
2024/25,Stirling,St Margaret's RC Primary,P1,Listening & Talking - % Meeting Level,c
2024/25,Stirling,St Margaret's RC Primary,P1,Numeracy - % Meeting Level,c
2024/25,Stirling,St Margaret's RC Primary,P1,Reading - % Meeting Level,c
2024/25,Stirling,St Margaret's RC Primary,P1,Writing - % Meeting Level,c
2024/25,Stirling,St Margaret's RC Primary,"P1, P4 & P7 combined",Listening & Talking - % Meeting Level,80-90%
2024/25,Stirling,St Margaret's RC Primary,"P1, P4 & P7 combined",Numeracy - % Meeting Level,80-90%
2024/25,Stirling,St Margaret's RC Primary,"P1, P4 & P7 combined",Reading - % Meeting Level,80-90%
2024/25,Stirling,St Margaret's RC Primary,"P1, P4 & P7 combined",Writing - % Meeting Level,70-80%
2024/25,Stirling,St Margaret's RC Primary,P4,Listening & Talking - % Meeting Level,90+%
2024/25,Stirling,St Margaret's RC Primary,P4,Numeracy - % Meeting Level,80-90%
2024/25,Stirling,St Margaret's RC Primary,P4,Reading - % Meeting Level,80-90%
2024/25,Stirling,St Margaret's RC Primary,P4,Writing - % Meeting Level,70-80%
2024/25,Stirling,St Margaret's RC Primary,P7,Listening & Talking - % Meeting Level,90+%
2024/25,Stirling,St Margaret's RC Primary,P7,Numeracy - % Meeting Level,80-90%
2024/25,Stirling,St Margaret's RC Primary,P7,Reading - % Meeting Level,80-90%
2024/25,Stirling,St Margaret's RC Primary,P7,Writing - % Meeting Level,80-90%
2024/25,Stirling,St Mary's Episcopal Primary School,P1,Listening & Talking - % Meeting Level,c
2024/25,Stirling,St Mary's Episcopal Primary School,P1,Numeracy - % Meeting Level,c
2024/25,Stirling,St Mary's Episcopal Primary School,P1,Reading - % Meeting Level,c
2024/25,Stirling,St Mary's Episcopal Primary School,P1,Writing - % Meeting Level,c
2024/25,Stirling,St Mary's Episcopal Primary School,"P1, P4 & P7 combined",Listening & Talking - % Meeting Level,c
2024/25,Stirling,St Mary's Episcopal Primary School,"P1, P4 & P7 combined",Numeracy - % Meeting Level,c
2024/25,Stirling,St Mary's Episcopal Primary School,"P1, P4 & P7 combined",Reading - % Meeting Level,c
2024/25,Stirling,St Mary's Episcopal Primary School,"P1, P4 & P7 combined",Writing - % Meeting Level,c
2024/25,Stirling,St Mary's Episcopal Primary School,P4,Listening & Talking - % Meeting Level,c
2024/25,Stirling,St Mary's Episcopal Primary School,P4,Numeracy - % Meeting Level,c
2024/25,Stirling,St Mary's Episcopal Primary School,P4,Reading - % Meeting Level,c
2024/25,Stirling,St Mary's Episcopal Primary School,P4,Writing - % Meeting Level,c
2024/25,Stirling,St Mary's Episcopal Primary School,P7,Listening & Talking - % Meeting Level,c
2024/25,Stirling,St Mary's Episcopal Primary School,P7,Numeracy - % Meeting Level,c
2024/25,Stirling,St Mary's Episcopal Primary School,P7,Reading - % Meeting Level,c
2024/25,Stirling,St Mary's Episcopal Primary School,P7,Writing - % Meeting Level,c
2024/25,Stirling,St Mary's RC Primary School,P1,Listening & Talking - % Meeting Level,90+%
2024/25,Stirling,St Mary's RC Primary School,P1,Numeracy - % Meeting Level,90+%
2024/25,Stirling,St Mary's RC Primary School,P1,Reading - % Meeting Level,80-90%
2024/25,Stirling,St Mary's RC Primary School,P1,Writing - % Meeting Level,90+%
2024/25,Stirling,St Mary's RC Primary School,"P1, P4 & P7 combined",Listening & Talking - % Meeting Level,90+%
2024/25,Stirling,St Mary's RC Primary School,"P1, P4 & P7 combined",Numeracy - % Meeting Level,80-90%
2024/25,Stirling,St Mary's RC Primary School,"P1, P4 & P7 combined",Reading - % Meeting Level,80-90%
2024/25,Stirling,St Mary's RC Primary School,"P1, P4 & P7 combined",Writing - % Meeting Level,80-90%
2024/25,Stirling,St Mary's RC Primary School,P4,Listening & Talking - % Meeting Level,90+%
2024/25,Stirling,St Mary's RC Primary School,P4,Numeracy - % Meeting Level,80-90%
2024/25,Stirling,St Mary's RC Primary School,P4,Reading - % Meeting Level,80-90%
2024/25,Stirling,St Mary's RC Primary School,P4,Writing - % Meeting Level,80-90%
2024/25,Stirling,St Mary's RC Primary School,P7,Listening & Talking - % Meeting Level,80-90%
2024/25,Stirling,St Mary's RC Primary School,P7,Numeracy - % Meeting Level,70-80%
2024/25,Stirling,St Mary's RC Primary School,P7,Reading - % Meeting Level,70-80%
2024/25,Stirling,St Mary's RC Primary School,P7,Writing - % Meeting Level,80-90%
2024/25,Stirling,St Ninian's Primary School,P1,Listening & Talking - % Meeting Level,90+%
2024/25,Stirling,St Ninian's Primary School,P1,Numeracy - % Meeting Level,80-90%
2024/25,Stirling,St Ninian's Primary School,P1,Reading - % Meeting Level,70-80%
2024/25,Stirling,St Ninian's Primary School,P1,Writing - % Meeting Level,70-80%
2024/25,Stirling,St Ninian's Primary School,"P1, P4 & P7 combined",Listening & Talking - % Meeting Level,90+%
2024/25,Stirling,St Ninian's Primary School,"P1, P4 & P7 combined",Numeracy - % Meeting Level,70-80%
2024/25,Stirling,St Ninian's Primary School,"P1, P4 & P7 combined",Reading - % Meeting Level,70-80%
2024/25,Stirling,St Ninian's Primary School,"P1, P4 & P7 combined",Writing - % Meeting Level,70-80%
2024/25,Stirling,St Ninian's Primary School,P4,Listening & Talking - % Meeting Level,90+%
2024/25,Stirling,St Ninian's Primary School,P4,Numeracy - % Meeting Level,70-80%
2024/25,Stirling,St Ninian's Primary School,P4,Reading - % Meeting Level,70-80%
2024/25,Stirling,St Ninian's Primary School,P4,Writing - % Meeting Level,70-80%
2024/25,Stirling,St Ninian's Primary School,P7,Listening & Talking - % Meeting Level,90+%
2024/25,Stirling,St Ninian's Primary School,P7,Numeracy - % Meeting Level,70-80%
2024/25,Stirling,St Ninian's Primary School,P7,Reading - % Meeting Level,70-80%
2024/25,Stirling,St Ninian's Primary School,P7,Writing - % Meeting Level,70-80%
2024/25,Stirling,Strathblane Primary School,P1,Listening & Talking - % Meeting Level,90+%
2024/25,Stirling,Strathblane Primary School,P1,Numeracy - % Meeting Level,90+%
2024/25,Stirling,Strathblane Primary School,P1,Reading - % Meeting Level,90+%
2024/25,Stirling,Strathblane Primary School,P1,Writing - % Meeting Level,90+%
2024/25,Stirling,Strathblane Primary School,"P1, P4 & P7 combined",Listening & Talking - % Meeting Level,90+%
2024/25,Stirling,Strathblane Primary School,"P1, P4 & P7 combined",Numeracy - % Meeting Level,90+%
2024/25,Stirling,Strathblane Primary School,"P1, P4 & P7 combined",Reading - % Meeting Level,90+%
2024/25,Stirling,Strathblane Primary School,"P1, P4 & P7 combined",Writing - % Meeting Level,90+%
2024/25,Stirling,Strathblane Primary School,P4,Listening & Talking - % Meeting Level,90+%
2024/25,Stirling,Strathblane Primary School,P4,Numeracy - % Meeting Level,90+%
2024/25,Stirling,Strathblane Primary School,P4,Reading - % Meeting Level,90+%
2024/25,Stirling,Strathblane Primary School,P4,Writing - % Meeting Level,90+%
2024/25,Stirling,Strathblane Primary School,P7,Listening & Talking - % Meeting Level,90+%
2024/25,Stirling,Strathblane Primary School,P7,Numeracy - % Meeting Level,80-90%
2024/25,Stirling,Strathblane Primary School,P7,Reading - % Meeting Level,90+%
2024/25,Stirling,Strathblane Primary School,P7,Writing - % Meeting Level,90+%
2024/25,Stirling,Strathyre Primary School,P1,Listening & Talking - % Meeting Level,c
2024/25,Stirling,Strathyre Primary School,P1,Numeracy - % Meeting Level,c
2024/25,Stirling,Strathyre Primary School,P1,Reading - % Meeting Level,c
2024/25,Stirling,Strathyre Primary School,P1,Writing - % Meeting Level,c
2024/25,Stirling,Strathyre Primary School,"P1, P4 & P7 combined",Listening & Talking - % Meeting Level,c
2024/25,Stirling,Strathyre Primary School,"P1, P4 & P7 combined",Numeracy - % Meeting Level,c
2024/25,Stirling,Strathyre Primary School,"P1, P4 & P7 combined",Reading - % Meeting Level,c
2024/25,Stirling,Strathyre Primary School,"P1, P4 & P7 combined",Writing - % Meeting Level,c
2024/25,Stirling,Strathyre Primary School,P4,Listening & Talking - % Meeting Level,c
2024/25,Stirling,Strathyre Primary School,P4,Numeracy - % Meeting Level,c
2024/25,Stirling,Strathyre Primary School,P4,Reading - % Meeting Level,c
2024/25,Stirling,Strathyre Primary School,P4,Writing - % Meeting Level,c
2024/25,Stirling,Strathyre Primary School,P7,Listening & Talking - % Meeting Level,c
2024/25,Stirling,Strathyre Primary School,P7,Numeracy - % Meeting Level,c
2024/25,Stirling,Strathyre Primary School,P7,Reading - % Meeting Level,c
2024/25,Stirling,Strathyre Primary School,P7,Writing - % Meeting Level,c
2024/25,Stirling,Thornhill Primary School,P1,Listening & Talking - % Meeting Level,c
2024/25,Stirling,Thornhill Primary School,P1,Numeracy - % Meeting Level,c
2024/25,Stirling,Thornhill Primary School,P1,Reading - % Meeting Level,c
2024/25,Stirling,Thornhill Primary School,P1,Writing - % Meeting Level,c
2024/25,Stirling,Thornhill Primary School,"P1, P4 & P7 combined",Listening & Talking - % Meeting Level,90+%
2024/25,Stirling,Thornhill Primary School,"P1, P4 & P7 combined",Numeracy - % Meeting Level,80-90%
2024/25,Stirling,Thornhill Primary School,"P1, P4 & P7 combined",Reading - % Meeting Level,80-90%
2024/25,Stirling,Thornhill Primary School,"P1, P4 & P7 combined",Writing - % Meeting Level,70-80%
2024/25,Stirling,Thornhill Primary School,P4,Listening & Talking - % Meeting Level,c
2024/25,Stirling,Thornhill Primary School,P4,Numeracy - % Meeting Level,c
2024/25,Stirling,Thornhill Primary School,P4,Reading - % Meeting Level,c
2024/25,Stirling,Thornhill Primary School,P4,Writing - % Meeting Level,c
2024/25,Stirling,Thornhill Primary School,P7,Listening & Talking - % Meeting Level,c
2024/25,Stirling,Thornhill Primary School,P7,Numeracy - % Meeting Level,c
2024/25,Stirling,Thornhill Primary School,P7,Reading - % Meeting Level,c
2024/25,Stirling,Thornhill Primary School,P7,Writing - % Meeting Level,c
